-0.529631673 -0.476162031  0.122393909 -0.764738290  0.694588529
 0.157878753  0.825755505  0.383776725 -0.297611713  0.179712838
 0.883403846  1.175870259 -0.222158656  0.887655136  0.506018472
 1.201763090  1.358657158  1.766876246  0.945261834  0.242015272
 1.108175506  1.588326244  0.086595996  0.135447708  1.674333147
 0.087861038  0.150255064  1.662807709  1.918985242  0.334817302
 1.995973197  0.269379941  0.469938419  0.719274928  1.441382256
 1.856114890 -0.004302644  1.329872080 -0.058310637  0.472398463
 0.435258117  1.636500756  1.699950103  1.478820190 -0.190025448
 1.300341865 -0.058635213  0.819062806  0.047988842 -0.168558533
 0.037056266  0.536154778  0.278227911 -0.313547042  0.722026888
-0.114359903 -0.376634077  0.652043347 -0.515809282 -0.602277827
-0.938181382 -1.037834739  0.278491625 -1.092834467 -0.778780405
-1.070774416  0.539015258 -0.234691028 -0.152634072 -0.066153375
-0.233711530 -0.959496456 -0.946902608 -0.871057712 -0.583103683
-1.534738618 -0.662166840 -1.155263966 -0.533407016 -1.319182554
-0.186566885 -0.897649461 -1.501951078 -0.004479304 -1.678331392
-1.490781842 -0.589586598 -0.285787771 -0.510207129 -0.627988881
-1.109061921 -1.310354670  0.002602266 -0.271113225 -0.885954568
-1.150763444 -0.779791042 -1.053566764 -0.718805204 -0.257604369
-1.278783228 -0.816685979 -1.417844559 -0.081346747 -1.413808292
-1.487076480 -0.166387633 -0.922128152  0.267933770 -1.000264981
-0.638768521 -0.298071585  0.115376460  0.104988650 -0.993492047
-0.175837760  0.193326045 -0.068244286  0.325014896 -0.506554400