-0.119671288 -0.048917262  0.019498810  0.085541472  0.149175270
 0.210364749  0.269074456  0.325268935  0.378912732  0.429970393
 0.478406464  0.524185488  0.567272013  0.607630584  0.645225746
 0.679964281  0.711826741  0.740888328  0.767224242  0.790909683
 0.812019853  0.830629952  0.846815180  0.860650739  0.872211830
 0.881573652  0.888811407  0.894000296  0.897215519  0.898532276
 0.896495398  0.889853461  0.878987289  0.864277706  0.846105535
 0.824851599  0.800896721  0.774621727  0.746407438  0.716634678
 0.685684270  0.653937039  0.621773808  0.589575399  0.557722637
 0.522992287  0.482466105  0.436982397  0.387379471  0.334495633
 0.279169191  0.222238452  0.164541722  0.106917309  0.050203520
-0.004761338 -0.057138959 -0.106091034 -0.150779258 -0.190365323
-0.228071840 -0.267406108 -0.307956846 -0.349312773 -0.391062611
-0.432795078 -0.474098896 -0.514562784 -0.553775463 -0.591325651
-0.626802071 -0.659793440 -0.689888480 -0.716675911 -0.739744452
-0.760199435 -0.779384403 -0.797245400 -0.813728466 -0.828779643
-0.842344973 -0.854370498 -0.864802259 -0.873586297 -0.880668656
-0.885995376 -0.889512498 -0.891166066 -0.890902119 -0.888666701
-0.884599958 -0.878878792 -0.871504374 -0.862477875 -0.851800466
-0.839473318 -0.825497602 -0.809874489 -0.792605150 -0.773690757
-0.753132480 -0.730931491 -0.707088961 -0.681606061 -0.654483961
-0.625716944 -0.595298336 -0.563227879 -0.529505317 -0.494130390
-0.457102841 -0.418422412 -0.378088845 -0.336101881 -0.292461263
-0.247166733 -0.200218032 -0.151614903 -0.101357088 -0.049444328
