1.499536604568347800e+000 1.658453575548198300e-001
3.697762547686129800e+000 3.994002011895560500e-001
4.093644614730469500e+000 4.393270321822482200e-001
7.671079003802294200e+000 1.000000000000000000e+003
8.269696620589108700e+000 7.949075438330595000e-001
1.007630409931378800e+001 8.999214508357034100e-001
1.263468232585750100e+001 9.860973953103480100e-001
1.312256663311384800e+001 9.936523208151388800e-001
1.659125799620406700e+001 1.000000000000000000e+003
1.939929889697446800e+001 8.338880137988362600e-001
