   9.4578390e-01   8.1748307e-01   5.2405098e-01
   3.4042417e-01   2.0205362e-01   1.0183770e-01
   6.0552424e-01   6.2714124e-01   2.8453380e-01
   6.6734584e-01   7.9436448e-01   1.9751938e-02
   8.2265186e-01   2.6926755e-01   3.6840847e-01
   3.1469418e-01   3.0379238e-01   2.0080037e-01
   2.4413695e-01   1.4521520e-01   7.6558574e-01
   2.3406188e-02   7.7812449e-01   2.2445593e-01
   3.7968672e-01   3.5230883e-03   8.7364788e-01
   3.0544127e-01   5.5824667e-01   1.6885245e-01
   6.0105945e-01   1.0270848e-01   4.2079194e-01
   9.7298628e-01   8.9559614e-01   6.9914607e-01
   6.3173944e-01   3.6783941e-02   8.7291415e-01
   1.2850335e-02   6.7239405e-01   6.1485979e-02
   2.2492574e-01   2.2410178e-01   6.9610368e-02
   7.0026143e-01   3.2974585e-01   4.7714450e-01
   4.6216202e-01   7.1810038e-01   1.3842199e-01
   1.6075778e-01   2.8434470e-01   9.3491343e-01
   5.9920565e-01   7.7861398e-01   5.5881318e-01
   2.5610599e-01   4.8772724e-01   8.2174995e-01
   8.4599049e-02   6.7666816e-01   6.7358438e-01
   1.7276306e-01   3.3672791e-01   7.1731543e-01
   9.3638799e-01   2.8648356e-01   3.3202492e-01
   7.8378312e-01   1.8876724e-01   5.2164755e-01
   1.3125747e-01   7.3192144e-01   1.4458665e-01
   3.5898101e-01   2.5542739e-01   1.3423188e-01
   6.6653581e-01   5.3403161e-01   6.1206489e-01
   1.6424754e-01   8.5812639e-01   8.0589966e-01
   1.2393097e-01   6.4786459e-01   1.0513908e-01
   5.7704459e-01   2.7393541e-01   3.5526243e-01
   9.7196693e-01   2.4268395e-01   7.7594090e-01
   9.2527201e-01   7.5413139e-01   2.6376718e-01
   7.1146287e-01   2.6500795e-01   4.7268878e-01
   8.3386510e-02   1.9721810e-01   2.1390330e-01
   8.8205593e-01   3.1468590e-01   1.4032796e-01
   6.1270690e-01   1.7594654e-01   8.0526177e-01
   8.1338010e-01   3.2610889e-02   6.9759916e-01
   6.8591045e-01   1.8629491e-01   5.5777308e-01
   1.9653411e-01   7.4549104e-01   1.0317975e-01
   5.1337714e-01   6.4618762e-01   4.1435988e-02
   1.0545021e-01   2.1482454e-01   3.5563984e-02
   4.9898768e-01   1.9196579e-01   1.7861081e-01
   5.2622726e-01   7.6245394e-01   2.3911878e-01
   2.3876524e-01   7.3847955e-01   3.8956799e-01
   5.2627999e-01   7.3547286e-01   5.5896867e-01
   1.3614202e-01   1.5962335e-01   5.8394916e-01
   2.8810635e-01   1.6800977e-01   1.6392705e-01
   2.5869014e-01   3.8838829e-01   3.2601187e-01
   7.9839770e-01   9.2825768e-01   1.7308552e-01
   9.6538231e-01   7.3628476e-01   4.8175362e-01
   2.7278367e-01   7.1852217e-01   1.9240004e-01
   4.2377830e-01   6.1651846e-01   6.0603278e-01
   7.1786841e-01   7.1124239e-01   6.4650000e-01
   7.7306094e-01   5.9903451e-01   3.7940119e-01
   5.8775950e-01   1.5754180e-01   3.3226044e-01
   8.5990052e-02   1.1271291e-01   1.5367891e-01
   9.7392075e-01   7.7935865e-01   4.0554907e-01
   4.3989414e-01   6.0471517e-02   1.3175170e-01
   8.4232543e-01   3.1856703e-01   7.5886305e-01
   7.0553803e-01   2.0975170e-01   8.4424784e-01
   2.6808711e-01   6.6512384e-01   7.9348594e-01
   7.4909146e-01   3.1300856e-01   3.6137227e-01
   5.3318446e-01   7.4007881e-01   1.3786857e-01
   7.0134730e-01   9.9235966e-01   9.0322375e-01
   2.1945692e-01   5.3450916e-01   6.4340685e-02
   4.4056297e-01   7.2382493e-01   2.0988534e-01
   2.3244923e-01   9.7651014e-01   4.6969657e-01
   1.2116127e-02   9.4207183e-01   2.0084696e-01
   3.4609005e-01   3.2863497e-01   3.5739789e-02
   3.4162931e-01   4.0051132e-01   7.9403726e-01
   5.5939743e-01   3.6049040e-01   3.5666314e-01
   2.3202965e-01   2.4620348e-01   3.2548306e-01
   2.4248651e-01   3.6670017e-01   4.8815216e-01
   5.4151465e-01   1.9926619e-01   1.1374385e-01
   3.8399210e-01   1.7141648e-01   5.9665625e-01
   2.1168085e-01   6.3049642e-01   9.7777921e-01
   4.3105094e-01   2.2652553e-02   6.8658420e-01
   6.7361827e-02   7.8998130e-01   4.1351694e-02
   7.2217423e-01   3.9178923e-02   7.9755060e-01
   4.3727445e-01   9.7835298e-01   2.8601743e-01
   8.4763941e-01   9.2475650e-01   9.9795252e-01
   6.2537016e-01   2.8203512e-02   3.7445021e-01
   4.8265728e-01   4.7061796e-01   2.7402319e-01
   3.1011489e-01   5.7781953e-01   9.3695011e-01
   7.8857881e-01   1.5002163e-01   8.0323307e-02
   9.0247724e-01   8.8659951e-01   3.1252615e-01
   5.5738324e-01   5.5138175e-02   1.1495353e-02
   9.9828118e-01   3.9716206e-01   8.6223948e-01
   3.7224336e-01   7.5698087e-01   4.7226552e-01
   4.1067449e-01   3.6324903e-01   5.5833599e-01
   2.0115001e-01   3.0476498e-01   9.6969943e-01
   1.4328644e-01   5.9892441e-02   1.8394223e-01
   8.6694382e-01   4.8836797e-01   9.3343161e-01
   3.7118176e-01   4.0550509e-01   3.7320004e-02
   2.9918396e-01   2.8109670e-01   2.2387914e-01
   9.3042764e-01   6.9574924e-02   9.8663726e-01
   7.6750765e-01   9.6047464e-01   1.5928122e-01
   1.5166860e-01   5.8205830e-01   7.4238213e-01
   2.5812146e-01   5.4972680e-01   6.7403608e-01
   5.1000251e-01   8.3706633e-02   5.1344360e-01
